# cluster profile = square root of tSZ Cl form AGORA (for const L<60)
# L=0 to L=5000 
3.51421e-02
3.51421e-02
3.51421e-02
3.51421e-02
3.51421e-02
3.51421e-02
3.51421e-02
3.51421e-02
3.51421e-02
3.51421e-02
3.51421e-02
3.51421e-02
3.51421e-02
3.51421e-02
3.51421e-02
3.51421e-02
3.51421e-02
3.51421e-02
3.51421e-02
3.51421e-02
3.51421e-02
3.51421e-02
3.51421e-02
3.51421e-02
3.51421e-02
3.51421e-02
3.51421e-02
3.51421e-02
3.51421e-02
3.51421e-02
3.51421e-02
3.51421e-02
3.51421e-02
3.51421e-02
3.51421e-02
3.51421e-02
3.51421e-02
3.51421e-02
3.51421e-02
3.51421e-02
3.51421e-02
3.51421e-02
3.51421e-02
3.51421e-02
3.51421e-02
3.51421e-02
3.51421e-02
3.51421e-02
3.51421e-02
3.51421e-02
3.51421e-02
3.51421e-02
3.51421e-02
3.51421e-02
3.51421e-02
3.51421e-02
3.51421e-02
3.51421e-02
3.51421e-02
3.51421e-02
3.51421e-02
3.50534e-02
3.49695e-02
3.48900e-02
3.48145e-02
3.47426e-02
3.46740e-02
3.46081e-02
3.45446e-02
3.44832e-02
3.44234e-02
3.43648e-02
3.43070e-02
3.42497e-02
3.41923e-02
3.41346e-02
3.40762e-02
3.40165e-02
3.39553e-02
3.38921e-02
3.38266e-02
3.37583e-02
3.36869e-02
3.36119e-02
3.35329e-02
3.34496e-02
3.33620e-02
3.32704e-02
3.31749e-02
3.30759e-02
3.29736e-02
3.28682e-02
3.27601e-02
3.26494e-02
3.25364e-02
3.24213e-02
3.23045e-02
3.21861e-02
3.20664e-02
3.19457e-02
3.18242e-02
3.17021e-02
3.15798e-02
3.14574e-02
3.13353e-02
3.12136e-02
3.10926e-02
3.09726e-02
3.08538e-02
3.07365e-02
3.06209e-02
3.05073e-02
3.03959e-02
3.02870e-02
3.01809e-02
3.00777e-02
2.99777e-02
2.98812e-02
2.97885e-02
2.96995e-02
2.96143e-02
2.95326e-02
2.94542e-02
2.93791e-02
2.93071e-02
2.92379e-02
2.91715e-02
2.91077e-02
2.90463e-02
2.89872e-02
2.89303e-02
2.88753e-02
2.88221e-02
2.87706e-02
2.87206e-02
2.86719e-02
2.86245e-02
2.85780e-02
2.85325e-02
2.84877e-02
2.84434e-02
2.83996e-02
2.83560e-02
2.83126e-02
2.82690e-02
2.82253e-02
2.81812e-02
2.81366e-02
2.80913e-02
2.80452e-02
2.79981e-02
2.79499e-02
2.79004e-02
2.78496e-02
2.77977e-02
2.77446e-02
2.76904e-02
2.76351e-02
2.75788e-02
2.75216e-02
2.74634e-02
2.74044e-02
2.73445e-02
2.72839e-02
2.72225e-02
2.71605e-02
2.70978e-02
2.70345e-02
2.69707e-02
2.69063e-02
2.68415e-02
2.67763e-02
2.67108e-02
2.66449e-02
2.65787e-02
2.65124e-02
2.64458e-02
2.63792e-02
2.63124e-02
2.62456e-02
2.61789e-02
2.61122e-02
2.60455e-02
2.59791e-02
2.59128e-02
2.58468e-02
2.57810e-02
2.57155e-02
2.56503e-02
2.55853e-02
2.55207e-02
2.54563e-02
2.53922e-02
2.53283e-02
2.52648e-02
2.52016e-02
2.51386e-02
2.50760e-02
2.50137e-02
2.49517e-02
2.48900e-02
2.48287e-02
2.47676e-02
2.47069e-02
2.46466e-02
2.45865e-02
2.45269e-02
2.44675e-02
2.44085e-02
2.43499e-02
2.42917e-02
2.42338e-02
2.41762e-02
2.41191e-02
2.40623e-02
2.40059e-02
2.39498e-02
2.38942e-02
2.38390e-02
2.37841e-02
2.37297e-02
2.36755e-02
2.36218e-02
2.35683e-02
2.35152e-02
2.34623e-02
2.34097e-02
2.33574e-02
2.33053e-02
2.32535e-02
2.32018e-02
2.31504e-02
2.30991e-02
2.30480e-02
2.29971e-02
2.29462e-02
2.28955e-02
2.28449e-02
2.27943e-02
2.27438e-02
2.26934e-02
2.26430e-02
2.25926e-02
2.25422e-02
2.24918e-02
2.24413e-02
2.23908e-02
2.23402e-02
2.22896e-02
2.22388e-02
2.21880e-02
2.21369e-02
2.20858e-02
2.20345e-02
2.19831e-02
2.19316e-02
2.18800e-02
2.18283e-02
2.17765e-02
2.17247e-02
2.16728e-02
2.16209e-02
2.15689e-02
2.15170e-02
2.14651e-02
2.14131e-02
2.13612e-02
2.13094e-02
2.12576e-02
2.12059e-02
2.11542e-02
2.11027e-02
2.10512e-02
2.09999e-02
2.09487e-02
2.08976e-02
2.08467e-02
2.07960e-02
2.07454e-02
2.06951e-02
2.06449e-02
2.05950e-02
2.05453e-02
2.04959e-02
2.04467e-02
2.03978e-02
2.03491e-02
2.03008e-02
2.02527e-02
2.02049e-02
2.01575e-02
2.01104e-02
2.00636e-02
2.00171e-02
1.99710e-02
1.99252e-02
1.98798e-02
1.98348e-02
1.97901e-02
1.97458e-02
1.97019e-02
1.96584e-02
1.96153e-02
1.95726e-02
1.95304e-02
1.94885e-02
1.94471e-02
1.94062e-02
1.93657e-02
1.93256e-02
1.92861e-02
1.92470e-02
1.92084e-02
1.91702e-02
1.91326e-02
1.90955e-02
1.90589e-02
1.90228e-02
1.89873e-02
1.89523e-02
1.89178e-02
1.88838e-02
1.88502e-02
1.88171e-02
1.87844e-02
1.87521e-02
1.87203e-02
1.86887e-02
1.86576e-02
1.86267e-02
1.85962e-02
1.85659e-02
1.85359e-02
1.85062e-02
1.84767e-02
1.84473e-02
1.84182e-02
1.83892e-02
1.83604e-02
1.83317e-02
1.83031e-02
1.82746e-02
1.82461e-02
1.82177e-02
1.81893e-02
1.81609e-02
1.81325e-02
1.81040e-02
1.80755e-02
1.80469e-02
1.80182e-02
1.79894e-02
1.79605e-02
1.79314e-02
1.79022e-02
1.78729e-02
1.78435e-02
1.78140e-02
1.77843e-02
1.77547e-02
1.77249e-02
1.76950e-02
1.76651e-02
1.76352e-02
1.76052e-02
1.75752e-02
1.75451e-02
1.75150e-02
1.74849e-02
1.74548e-02
1.74247e-02
1.73946e-02
1.73645e-02
1.73344e-02
1.73044e-02
1.72744e-02
1.72445e-02
1.72146e-02
1.71848e-02
1.71551e-02
1.71254e-02
1.70958e-02
1.70663e-02
1.70369e-02
1.70077e-02
1.69785e-02
1.69495e-02
1.69205e-02
1.68917e-02
1.68631e-02
1.68345e-02
1.68061e-02
1.67777e-02
1.67495e-02
1.67214e-02
1.66935e-02
1.66656e-02
1.66379e-02
1.66103e-02
1.65828e-02
1.65554e-02
1.65281e-02
1.65010e-02
1.64739e-02
1.64470e-02
1.64202e-02
1.63935e-02
1.63670e-02
1.63405e-02
1.63142e-02
1.62880e-02
1.62619e-02
1.62359e-02
1.62100e-02
1.61843e-02
1.61587e-02
1.61331e-02
1.61077e-02
1.60824e-02
1.60573e-02
1.60322e-02
1.60072e-02
1.59824e-02
1.59576e-02
1.59329e-02
1.59084e-02
1.58839e-02
1.58595e-02
1.58351e-02
1.58109e-02
1.57867e-02
1.57625e-02
1.57385e-02
1.57144e-02
1.56905e-02
1.56666e-02
1.56427e-02
1.56189e-02
1.55951e-02
1.55714e-02
1.55476e-02
1.55239e-02
1.55003e-02
1.54766e-02
1.54530e-02
1.54293e-02
1.54057e-02
1.53821e-02
1.53584e-02
1.53348e-02
1.53111e-02
1.52875e-02
1.52638e-02
1.52401e-02
1.52164e-02
1.51928e-02
1.51691e-02
1.51455e-02
1.51220e-02
1.50985e-02
1.50751e-02
1.50518e-02
1.50286e-02
1.50055e-02
1.49826e-02
1.49597e-02
1.49371e-02
1.49145e-02
1.48922e-02
1.48700e-02
1.48480e-02
1.48263e-02
1.48047e-02
1.47834e-02
1.47623e-02
1.47415e-02
1.47209e-02
1.47007e-02
1.46807e-02
1.46610e-02
1.46416e-02
1.46226e-02
1.46039e-02
1.45855e-02
1.45675e-02
1.45499e-02
1.45326e-02
1.45157e-02
1.44991e-02
1.44828e-02
1.44667e-02
1.44510e-02
1.44355e-02
1.44202e-02
1.44051e-02
1.43902e-02
1.43755e-02
1.43609e-02
1.43465e-02
1.43321e-02
1.43179e-02
1.43037e-02
1.42896e-02
1.42755e-02
1.42615e-02
1.42474e-02
1.42333e-02
1.42191e-02
1.42049e-02
1.41906e-02
1.41762e-02
1.41617e-02
1.41471e-02
1.41323e-02
1.41173e-02
1.41021e-02
1.40867e-02
1.40710e-02
1.40551e-02
1.40390e-02
1.40226e-02
1.40060e-02
1.39892e-02
1.39721e-02
1.39550e-02
1.39377e-02
1.39202e-02
1.39027e-02
1.38850e-02
1.38673e-02
1.38495e-02
1.38317e-02
1.38138e-02
1.37960e-02
1.37782e-02
1.37604e-02
1.37427e-02
1.37250e-02
1.37074e-02
1.36900e-02
1.36726e-02
1.36555e-02
1.36384e-02
1.36216e-02
1.36050e-02
1.35886e-02
1.35724e-02
1.35565e-02
1.35408e-02
1.35255e-02
1.35104e-02
1.34957e-02
1.34813e-02
1.34673e-02
1.34535e-02
1.34400e-02
1.34268e-02
1.34138e-02
1.34010e-02
1.33884e-02
1.33760e-02
1.33637e-02
1.33515e-02
1.33395e-02
1.33274e-02
1.33155e-02
1.33036e-02
1.32916e-02
1.32797e-02
1.32677e-02
1.32557e-02
1.32435e-02
1.32313e-02
1.32189e-02
1.32064e-02
1.31937e-02
1.31808e-02
1.31677e-02
1.31544e-02
1.31407e-02
1.31268e-02
1.31126e-02
1.30980e-02
1.30831e-02
1.30678e-02
1.30521e-02
1.30361e-02
1.30196e-02
1.30029e-02
1.29858e-02
1.29684e-02
1.29507e-02
1.29328e-02
1.29147e-02
1.28964e-02
1.28779e-02
1.28593e-02
1.28405e-02
1.28217e-02
1.28028e-02
1.27838e-02
1.27648e-02
1.27458e-02
1.27268e-02
1.27078e-02
1.26889e-02
1.26701e-02
1.26515e-02
1.26329e-02
1.26146e-02
1.25964e-02
1.25784e-02
1.25607e-02
1.25432e-02
1.25261e-02
1.25092e-02
1.24926e-02
1.24764e-02
1.24606e-02
1.24452e-02
1.24302e-02
1.24154e-02
1.24011e-02
1.23870e-02
1.23733e-02
1.23598e-02
1.23465e-02
1.23336e-02
1.23208e-02
1.23083e-02
1.22959e-02
1.22838e-02
1.22717e-02
1.22599e-02
1.22481e-02
1.22365e-02
1.22249e-02
1.22134e-02
1.22020e-02
1.21905e-02
1.21792e-02
1.21678e-02
1.21563e-02
1.21449e-02
1.21334e-02
1.21218e-02
1.21102e-02
1.20984e-02
1.20865e-02
1.20745e-02
1.20623e-02
1.20499e-02
1.20373e-02
1.20246e-02
1.20117e-02
1.19986e-02
1.19855e-02
1.19722e-02
1.19587e-02
1.19452e-02
1.19316e-02
1.19180e-02
1.19042e-02
1.18905e-02
1.18767e-02
1.18629e-02
1.18491e-02
1.18353e-02
1.18215e-02
1.18077e-02
1.17941e-02
1.17804e-02
1.17669e-02
1.17534e-02
1.17401e-02
1.17269e-02
1.17138e-02
1.17008e-02
1.16880e-02
1.16754e-02
1.16630e-02
1.16507e-02
1.16387e-02
1.16269e-02
1.16154e-02
1.16041e-02
1.15930e-02
1.15822e-02
1.15716e-02
1.15612e-02
1.15510e-02
1.15410e-02
1.15312e-02
1.15216e-02
1.15122e-02
1.15029e-02
1.14937e-02
1.14847e-02
1.14758e-02
1.14670e-02
1.14583e-02
1.14497e-02
1.14412e-02
1.14328e-02
1.14244e-02
1.14161e-02
1.14078e-02
1.13995e-02
1.13913e-02
1.13830e-02
1.13748e-02
1.13666e-02
1.13583e-02
1.13500e-02
1.13417e-02
1.13333e-02
1.13248e-02
1.13163e-02
1.13077e-02
1.12989e-02
1.12902e-02
1.12813e-02
1.12723e-02
1.12633e-02
1.12542e-02
1.12450e-02
1.12357e-02
1.12263e-02
1.12169e-02
1.12074e-02
1.11978e-02
1.11882e-02
1.11784e-02
1.11687e-02
1.11588e-02
1.11489e-02
1.11389e-02
1.11289e-02
1.11188e-02
1.11087e-02
1.10985e-02
1.10882e-02
1.10779e-02
1.10675e-02
1.10571e-02
1.10467e-02
1.10362e-02
1.10256e-02
1.10150e-02
1.10044e-02
1.09937e-02
1.09830e-02
1.09723e-02
1.09615e-02
1.09507e-02
1.09399e-02
1.09290e-02
1.09182e-02
1.09073e-02
1.08964e-02
1.08855e-02
1.08747e-02
1.08638e-02
1.08530e-02
1.08422e-02
1.08314e-02
1.08206e-02
1.08098e-02
1.07991e-02
1.07885e-02
1.07779e-02
1.07673e-02
1.07568e-02
1.07463e-02
1.07359e-02
1.07256e-02
1.07154e-02
1.07052e-02
1.06951e-02
1.06852e-02
1.06753e-02
1.06654e-02
1.06557e-02
1.06461e-02
1.06367e-02
1.06273e-02
1.06180e-02
1.06089e-02
1.05998e-02
1.05908e-02
1.05819e-02
1.05731e-02
1.05644e-02
1.05557e-02
1.05471e-02
1.05385e-02
1.05299e-02
1.05214e-02
1.05129e-02
1.05045e-02
1.04960e-02
1.04876e-02
1.04791e-02
1.04707e-02
1.04622e-02
1.04537e-02
1.04452e-02
1.04366e-02
1.04280e-02
1.04194e-02
1.04107e-02
1.04019e-02
1.03931e-02
1.03841e-02
1.03751e-02
1.03661e-02
1.03569e-02
1.03476e-02
1.03382e-02
1.03286e-02
1.03190e-02
1.03093e-02
1.02995e-02
1.02896e-02
1.02796e-02
1.02695e-02
1.02594e-02
1.02493e-02
1.02391e-02
1.02288e-02
1.02185e-02
1.02082e-02
1.01979e-02
1.01876e-02
1.01772e-02
1.01669e-02
1.01566e-02
1.01463e-02
1.01360e-02
1.01257e-02
1.01155e-02
1.01053e-02
1.00952e-02
1.00852e-02
1.00752e-02
1.00653e-02
1.00554e-02
1.00457e-02
1.00361e-02
1.00265e-02
1.00171e-02
1.00078e-02
9.99859e-03
9.98952e-03
9.98056e-03
9.97172e-03
9.96298e-03
9.95435e-03
9.94581e-03
9.93736e-03
9.92900e-03
9.92073e-03
9.91253e-03
9.90441e-03
9.89636e-03
9.88838e-03
9.88046e-03
9.87259e-03
9.86478e-03
9.85702e-03
9.84930e-03
9.84162e-03
9.83397e-03
9.82636e-03
9.81877e-03
9.81121e-03
9.80366e-03
9.79613e-03
9.78860e-03
9.78108e-03
9.77356e-03
9.76603e-03
9.75850e-03
9.75095e-03
9.74338e-03
9.73579e-03
9.72818e-03
9.72055e-03
9.71290e-03
9.70523e-03
9.69754e-03
9.68983e-03
9.68211e-03
9.67437e-03
9.66661e-03
9.65884e-03
9.65106e-03
9.64326e-03
9.63545e-03
9.62763e-03
9.61981e-03
9.61197e-03
9.60412e-03
9.59627e-03
9.58841e-03
9.58054e-03
9.57267e-03
9.56479e-03
9.55691e-03
9.54903e-03
9.54115e-03
9.53327e-03
9.52539e-03
9.51751e-03
9.50963e-03
9.50175e-03
9.49388e-03
9.48601e-03
9.47815e-03
9.47029e-03
9.46244e-03
9.45460e-03
9.44676e-03
9.43892e-03
9.43109e-03
9.42327e-03
9.41545e-03
9.40764e-03
9.39983e-03
9.39203e-03
9.38423e-03
9.37644e-03
9.36865e-03
9.36087e-03
9.35309e-03
9.34532e-03
9.33755e-03
9.32978e-03
9.32202e-03
9.31426e-03
9.30651e-03
9.29876e-03
9.29102e-03
9.28328e-03
9.27554e-03
9.26781e-03
9.26008e-03
9.25235e-03
9.24463e-03
9.23691e-03
9.22919e-03
9.22148e-03
9.21377e-03
9.20606e-03
9.19836e-03
9.19066e-03
9.18297e-03
9.17528e-03
9.16760e-03
9.15992e-03
9.15225e-03
9.14459e-03
9.13693e-03
9.12928e-03
9.12164e-03
9.11400e-03
9.10638e-03
9.09876e-03
9.09115e-03
9.08356e-03
9.07597e-03
9.06839e-03
9.06082e-03
9.05327e-03
9.04573e-03
9.03819e-03
9.03067e-03
9.02317e-03
9.01567e-03
9.00819e-03
9.00072e-03
8.99327e-03
8.98583e-03
8.97841e-03
8.97100e-03
8.96361e-03
8.95623e-03
8.94887e-03
8.94153e-03
8.93421e-03
8.92691e-03
8.91963e-03
8.91237e-03
8.90513e-03
8.89792e-03
8.89074e-03
8.88358e-03
8.87644e-03
8.86934e-03
8.86226e-03
8.85522e-03
8.84820e-03
8.84121e-03
8.83426e-03
8.82734e-03
8.82046e-03
8.81361e-03
8.80679e-03
8.80002e-03
8.79328e-03
8.78658e-03
8.77992e-03
8.77330e-03
8.76672e-03
8.76019e-03
8.75370e-03
8.74725e-03
8.74085e-03
8.73450e-03
8.72819e-03
8.72193e-03
8.71570e-03
8.70951e-03
8.70335e-03
8.69722e-03
8.69112e-03
8.68505e-03
8.67900e-03
8.67296e-03
8.66694e-03
8.66093e-03
8.65494e-03
8.64894e-03
8.64296e-03
8.63697e-03
8.63098e-03
8.62498e-03
8.61898e-03
8.61296e-03
8.60694e-03
8.60089e-03
8.59482e-03
8.58873e-03
8.58261e-03
8.57647e-03
8.57029e-03
8.56407e-03
8.55782e-03
8.55152e-03
8.54519e-03
8.53880e-03
8.53236e-03
8.52588e-03
8.51934e-03
8.51276e-03
8.50614e-03
8.49949e-03
8.49280e-03
8.48608e-03
8.47934e-03
8.47257e-03
8.46579e-03
8.45900e-03
8.45220e-03
8.44539e-03
8.43858e-03
8.43177e-03
8.42497e-03
8.41818e-03
8.41140e-03
8.40464e-03
8.39791e-03
8.39119e-03
8.38451e-03
8.37786e-03
8.37125e-03
8.36467e-03
8.35815e-03
8.35167e-03
8.34524e-03
8.33887e-03
8.33256e-03
8.32632e-03
8.32014e-03
8.31404e-03
8.30800e-03
8.30205e-03
8.29616e-03
8.29033e-03
8.28456e-03
8.27885e-03
8.27319e-03
8.26758e-03
8.26201e-03
8.25648e-03
8.25098e-03
8.24551e-03
8.24007e-03
8.23465e-03
8.22924e-03
8.22385e-03
8.21847e-03
8.21309e-03
8.20771e-03
8.20232e-03
8.19693e-03
8.19153e-03
8.18611e-03
8.18066e-03
8.17520e-03
8.16970e-03
8.16416e-03
8.15859e-03
8.15298e-03
8.14732e-03
8.14161e-03
8.13584e-03
8.13002e-03
8.12413e-03
8.11817e-03
8.11216e-03
8.10608e-03
8.09995e-03
8.09377e-03
8.08754e-03
8.08126e-03
8.07493e-03
8.06857e-03
8.06216e-03
8.05572e-03
8.04924e-03
8.04274e-03
8.03620e-03
8.02965e-03
8.02307e-03
8.01647e-03
8.00985e-03
8.00322e-03
7.99658e-03
7.98993e-03
7.98328e-03
7.97662e-03
7.96996e-03
7.96331e-03
7.95666e-03
7.95003e-03
7.94340e-03
7.93679e-03
7.93019e-03
7.92362e-03
7.91707e-03
7.91054e-03
7.90404e-03
7.89757e-03
7.89113e-03
7.88473e-03
7.87836e-03
7.87202e-03
7.86573e-03
7.85947e-03
7.85325e-03
7.84707e-03
7.84094e-03
7.83485e-03
7.82880e-03
7.82281e-03
7.81686e-03
7.81097e-03
7.80513e-03
7.79934e-03
7.79360e-03
7.78793e-03
7.78231e-03
7.77675e-03
7.77125e-03
7.76582e-03
7.76045e-03
7.75515e-03
7.74991e-03
7.74474e-03
7.73964e-03
7.73462e-03
7.72967e-03
7.72479e-03
7.71999e-03
7.71527e-03
7.71062e-03
7.70604e-03
7.70152e-03
7.69706e-03
7.69265e-03
7.68829e-03
7.68397e-03
7.67969e-03
7.67544e-03
7.67121e-03
7.66701e-03
7.66282e-03
7.65864e-03
7.65447e-03
7.65030e-03
7.64612e-03
7.64193e-03
7.63773e-03
7.63351e-03
7.62925e-03
7.62497e-03
7.62065e-03
7.61629e-03
7.61188e-03
7.60742e-03
7.60291e-03
7.59833e-03
7.59368e-03
7.58895e-03
7.58415e-03
7.57927e-03
7.57429e-03
7.56923e-03
7.56407e-03
7.55882e-03
7.55349e-03
7.54808e-03
7.54260e-03
7.53706e-03
7.53146e-03
7.52580e-03
7.52010e-03
7.51435e-03
7.50857e-03
7.50275e-03
7.49691e-03
7.49105e-03
7.48518e-03
7.47930e-03
7.47341e-03
7.46753e-03
7.46166e-03
7.45580e-03
7.44996e-03
7.44414e-03
7.43836e-03
7.43262e-03
7.42691e-03
7.42126e-03
7.41565e-03
7.41011e-03
7.40463e-03
7.39923e-03
7.39390e-03
7.38865e-03
7.38349e-03
7.37842e-03
7.37343e-03
7.36853e-03
7.36371e-03
7.35896e-03
7.35429e-03
7.34968e-03
7.34514e-03
7.34066e-03
7.33623e-03
7.33186e-03
7.32753e-03
7.32325e-03
7.31901e-03
7.31480e-03
7.31063e-03
7.30649e-03
7.30237e-03
7.29827e-03
7.29420e-03
7.29013e-03
7.28607e-03
7.28202e-03
7.27797e-03
7.27392e-03
7.26987e-03
7.26580e-03
7.26172e-03
7.25762e-03
7.25350e-03
7.24936e-03
7.24519e-03
7.24098e-03
7.23674e-03
7.23246e-03
7.22814e-03
7.22379e-03
7.21940e-03
7.21498e-03
7.21052e-03
7.20603e-03
7.20150e-03
7.19694e-03
7.19235e-03
7.18772e-03
7.18307e-03
7.17838e-03
7.17365e-03
7.16890e-03
7.16412e-03
7.15931e-03
7.15446e-03
7.14959e-03
7.14469e-03
7.13976e-03
7.13480e-03
7.12981e-03
7.12480e-03
7.11976e-03
7.11469e-03
7.10960e-03
7.10448e-03
7.09933e-03
7.09416e-03
7.08897e-03
7.08375e-03
7.07851e-03
7.07325e-03
7.06796e-03
7.06266e-03
7.05734e-03
7.05201e-03
7.04667e-03
7.04133e-03
7.03597e-03
7.03061e-03
7.02525e-03
7.01990e-03
7.01454e-03
7.00919e-03
7.00385e-03
6.99852e-03
6.99320e-03
6.98790e-03
6.98261e-03
6.97735e-03
6.97210e-03
6.96688e-03
6.96169e-03
6.95652e-03
6.95139e-03
6.94629e-03
6.94122e-03
6.93620e-03
6.93121e-03
6.92627e-03
6.92137e-03
6.91652e-03
6.91172e-03
6.90697e-03
6.90227e-03
6.89763e-03
6.89304e-03
6.88850e-03
6.88402e-03
6.87958e-03
6.87519e-03
6.87085e-03
6.86656e-03
6.86232e-03
6.85813e-03
6.85398e-03
6.84988e-03
6.84583e-03
6.84182e-03
6.83785e-03
6.83393e-03
6.83005e-03
6.82621e-03
6.82242e-03
6.81867e-03
6.81495e-03
6.81128e-03
6.80765e-03
6.80405e-03
6.80050e-03
6.79698e-03
6.79350e-03
6.79005e-03
6.78664e-03
6.78327e-03
6.77993e-03
6.77662e-03
6.77335e-03
6.77011e-03
6.76689e-03
6.76370e-03
6.76053e-03
6.75738e-03
6.75425e-03
6.75113e-03
6.74802e-03
6.74491e-03
6.74181e-03
6.73872e-03
6.73562e-03
6.73251e-03
6.72940e-03
6.72628e-03
6.72314e-03
6.71999e-03
6.71682e-03
6.71363e-03
6.71041e-03
6.70716e-03
6.70389e-03
6.70058e-03
6.69723e-03
6.69384e-03
6.69041e-03
6.68694e-03
6.68342e-03
6.67984e-03
6.67621e-03
6.67253e-03
6.66878e-03
6.66497e-03
6.66110e-03
6.65716e-03
6.65317e-03
6.64912e-03
6.64500e-03
6.64083e-03
6.63661e-03
6.63233e-03
6.62799e-03
6.62360e-03
6.61917e-03
6.61468e-03
6.61015e-03
6.60556e-03
6.60093e-03
6.59626e-03
6.59155e-03
6.58679e-03
6.58199e-03
6.57715e-03
6.57227e-03
6.56735e-03
6.56240e-03
6.55742e-03
6.55240e-03
6.54735e-03
6.54226e-03
6.53715e-03
6.53201e-03
6.52684e-03
6.52165e-03
6.51643e-03
6.51119e-03
6.50592e-03
6.50064e-03
6.49534e-03
6.49004e-03
6.48473e-03
6.47941e-03
6.47410e-03
6.46879e-03
6.46349e-03
6.45820e-03
6.45293e-03
6.44768e-03
6.44245e-03
6.43725e-03
6.43208e-03
6.42695e-03
6.42186e-03
6.41681e-03
6.41180e-03
6.40685e-03
6.40195e-03
6.39711e-03
6.39233e-03
6.38762e-03
6.38297e-03
6.37840e-03
6.37391e-03
6.36950e-03
6.36517e-03
6.36093e-03
6.35678e-03
6.35273e-03
6.34878e-03
6.34493e-03
6.34118e-03
6.33752e-03
6.33395e-03
6.33047e-03
6.32707e-03
6.32374e-03
6.32047e-03
6.31728e-03
6.31414e-03
6.31106e-03
6.30802e-03
6.30503e-03
6.30209e-03
6.29917e-03
6.29629e-03
6.29342e-03
6.29058e-03
6.28776e-03
6.28494e-03
6.28213e-03
6.27932e-03
6.27650e-03
6.27368e-03
6.27083e-03
6.26797e-03
6.26509e-03
6.26217e-03
6.25922e-03
6.25623e-03
6.25320e-03
6.25011e-03
6.24697e-03
6.24377e-03
6.24052e-03
6.23720e-03
6.23383e-03
6.23040e-03
6.22692e-03
6.22338e-03
6.21980e-03
6.21617e-03
6.21249e-03
6.20877e-03
6.20501e-03
6.20121e-03
6.19737e-03
6.19349e-03
6.18957e-03
6.18562e-03
6.18164e-03
6.17763e-03
6.17359e-03
6.16953e-03
6.16544e-03
6.16133e-03
6.15719e-03
6.15304e-03
6.14887e-03
6.14468e-03
6.14048e-03
6.13626e-03
6.13204e-03
6.12781e-03
6.12356e-03
6.11932e-03
6.11507e-03
6.11082e-03
6.10657e-03
6.10232e-03
6.09807e-03
6.09383e-03
6.08959e-03
6.08537e-03
6.08115e-03
6.07694e-03
6.07275e-03
6.06857e-03
6.06441e-03
6.06027e-03
6.05615e-03
6.05205e-03
6.04797e-03
6.04392e-03
6.03989e-03
6.03589e-03
6.03192e-03
6.02799e-03
6.02408e-03
6.02021e-03
6.01638e-03
6.01259e-03
6.00884e-03
6.00512e-03
6.00145e-03
5.99783e-03
5.99425e-03
5.99072e-03
5.98725e-03
5.98382e-03
5.98044e-03
5.97712e-03
5.97384e-03
5.97061e-03
5.96743e-03
5.96428e-03
5.96117e-03
5.95809e-03
5.95505e-03
5.95203e-03
5.94905e-03
5.94608e-03
5.94314e-03
5.94022e-03
5.93731e-03
5.93442e-03
5.93154e-03
5.92866e-03
5.92580e-03
5.92293e-03
5.92006e-03
5.91720e-03
5.91432e-03
5.91144e-03
5.90855e-03
5.90565e-03
5.90273e-03
5.89979e-03
5.89683e-03
5.89385e-03
5.89084e-03
5.88780e-03
5.88473e-03
5.88163e-03
5.87849e-03
5.87532e-03
5.87212e-03
5.86889e-03
5.86563e-03
5.86235e-03
5.85904e-03
5.85571e-03
5.85236e-03
5.84899e-03
5.84560e-03
5.84219e-03
5.83877e-03
5.83534e-03
5.83190e-03
5.82845e-03
5.82499e-03
5.82152e-03
5.81805e-03
5.81458e-03
5.81110e-03
5.80763e-03
5.80416e-03
5.80069e-03
5.79723e-03
5.79377e-03
5.79033e-03
5.78689e-03
5.78347e-03
5.78005e-03
5.77666e-03
5.77328e-03
5.76992e-03
5.76658e-03
5.76326e-03
5.75995e-03
5.75666e-03
5.75338e-03
5.75012e-03
5.74686e-03
5.74362e-03
5.74038e-03
5.73716e-03
5.73393e-03
5.73072e-03
5.72750e-03
5.72429e-03
5.72107e-03
5.71786e-03
5.71464e-03
5.71142e-03
5.70820e-03
5.70497e-03
5.70173e-03
5.69848e-03
5.69522e-03
5.69195e-03
5.68866e-03
5.68537e-03
5.68205e-03
5.67872e-03
5.67537e-03
5.67200e-03
5.66861e-03
5.66519e-03
5.66176e-03
5.65829e-03
5.65481e-03
5.65130e-03
5.64777e-03
5.64423e-03
5.64068e-03
5.63711e-03
5.63353e-03
5.62995e-03
5.62636e-03
5.62277e-03
5.61918e-03
5.61559e-03
5.61200e-03
5.60842e-03
5.60485e-03
5.60129e-03
5.59775e-03
5.59422e-03
5.59071e-03
5.58721e-03
5.58374e-03
5.58030e-03
5.57688e-03
5.57349e-03
5.57013e-03
5.56681e-03
5.56352e-03
5.56027e-03
5.55706e-03
5.55390e-03
5.55077e-03
5.54770e-03
5.54468e-03
5.54170e-03
5.53877e-03
5.53588e-03
5.53304e-03
5.53023e-03
5.52745e-03
5.52471e-03
5.52200e-03
5.51931e-03
5.51665e-03
5.51401e-03
5.51138e-03
5.50878e-03
5.50618e-03
5.50359e-03
5.50102e-03
5.49844e-03
5.49587e-03
5.49330e-03
5.49072e-03
5.48814e-03
5.48554e-03
5.48294e-03
5.48032e-03
5.47768e-03
5.47503e-03
5.47235e-03
5.46964e-03
5.46690e-03
5.46414e-03
5.46134e-03
5.45850e-03
5.45562e-03
5.45271e-03
5.44975e-03
5.44676e-03
5.44373e-03
5.44067e-03
5.43758e-03
5.43447e-03
5.43132e-03
5.42816e-03
5.42497e-03
5.42176e-03
5.41853e-03
5.41529e-03
5.41204e-03
5.40877e-03
5.40549e-03
5.40221e-03
5.39892e-03
5.39563e-03
5.39234e-03
5.38905e-03
5.38577e-03
5.38248e-03
5.37921e-03
5.37595e-03
5.37269e-03
5.36946e-03
5.36623e-03
5.36303e-03
5.35984e-03
5.35668e-03
5.35354e-03
5.35043e-03
5.34735e-03
5.34429e-03
5.34126e-03
5.33826e-03
5.33528e-03
5.33232e-03
5.32938e-03
5.32646e-03
5.32357e-03
5.32069e-03
5.31782e-03
5.31498e-03
5.31215e-03
5.30933e-03
5.30652e-03
5.30373e-03
5.30094e-03
5.29817e-03
5.29540e-03
5.29264e-03
5.28988e-03
5.28713e-03
5.28438e-03
5.28164e-03
5.27889e-03
5.27614e-03
5.27340e-03
5.27065e-03
5.26789e-03
5.26514e-03
5.26237e-03
5.25960e-03
5.25682e-03
5.25403e-03
5.25123e-03
5.24843e-03
5.24561e-03
5.24279e-03
5.23997e-03
5.23714e-03
5.23430e-03
5.23146e-03
5.22862e-03
5.22578e-03
5.22294e-03
5.22009e-03
5.21725e-03
5.21441e-03
5.21157e-03
5.20874e-03
5.20591e-03
5.20309e-03
5.20027e-03
5.19746e-03
5.19466e-03
5.19186e-03
5.18908e-03
5.18631e-03
5.18354e-03
5.18079e-03
5.17805e-03
5.17533e-03
5.17262e-03
5.16993e-03
5.16725e-03
5.16459e-03
5.16195e-03
5.15933e-03
5.15672e-03
5.15414e-03
5.15156e-03
5.14901e-03
5.14647e-03
5.14394e-03
5.14143e-03
5.13893e-03
5.13645e-03
5.13397e-03
5.13151e-03
5.12906e-03
5.12662e-03
5.12418e-03
5.12176e-03
5.11934e-03
5.11694e-03
5.11453e-03
5.11214e-03
5.10975e-03
5.10737e-03
5.10499e-03
5.10261e-03
5.10024e-03
5.09786e-03
5.09550e-03
5.09313e-03
5.09076e-03
5.08839e-03
5.08602e-03
5.08365e-03
5.08128e-03
5.07890e-03
5.07652e-03
5.07414e-03
5.07176e-03
5.06936e-03
5.06697e-03
5.06457e-03
5.06216e-03
5.05974e-03
5.05732e-03
5.05489e-03
5.05246e-03
5.05001e-03
5.04756e-03
5.04509e-03
5.04262e-03
5.04014e-03
5.03764e-03
5.03514e-03
5.03262e-03
5.03009e-03
5.02755e-03
5.02499e-03
5.02242e-03
5.01984e-03
5.01724e-03
5.01463e-03
5.01200e-03
5.00936e-03
5.00670e-03
5.00402e-03
5.00133e-03
4.99862e-03
4.99589e-03
4.99314e-03
4.99038e-03
4.98760e-03
4.98481e-03
4.98200e-03
4.97919e-03
4.97636e-03
4.97353e-03
4.97069e-03
4.96784e-03
4.96499e-03
4.96213e-03
4.95928e-03
4.95642e-03
4.95356e-03
4.95071e-03
4.94786e-03
4.94501e-03
4.94217e-03
4.93933e-03
4.93650e-03
4.93369e-03
4.93088e-03
4.92808e-03
4.92530e-03
4.92254e-03
4.91978e-03
4.91705e-03
4.91433e-03
4.91164e-03
4.90896e-03
4.90631e-03
4.90368e-03
4.90108e-03
4.89850e-03
4.89594e-03
4.89341e-03
4.89090e-03
4.88841e-03
4.88594e-03
4.88350e-03
4.88108e-03
4.87868e-03
4.87630e-03
4.87394e-03
4.87160e-03
4.86929e-03
4.86699e-03
4.86471e-03
4.86245e-03
4.86021e-03
4.85799e-03
4.85579e-03
4.85360e-03
4.85144e-03
4.84929e-03
4.84716e-03
4.84504e-03
4.84294e-03
4.84086e-03
4.83879e-03
4.83674e-03
4.83470e-03
4.83268e-03
4.83068e-03
4.82869e-03
4.82671e-03
4.82474e-03
4.82278e-03
4.82083e-03
4.81889e-03
4.81694e-03
4.81500e-03
4.81305e-03
4.81110e-03
4.80915e-03
4.80718e-03
4.80520e-03
4.80321e-03
4.80120e-03
4.79918e-03
4.79713e-03
4.79506e-03
4.79296e-03
4.79084e-03
4.78868e-03
4.78650e-03
4.78428e-03
4.78202e-03
4.77972e-03
4.77739e-03
4.77500e-03
4.77257e-03
4.77010e-03
4.76757e-03
4.76499e-03
4.76235e-03
4.75966e-03
4.75690e-03
4.75409e-03
4.75121e-03
4.74828e-03
4.74529e-03
4.74226e-03
4.73918e-03
4.73607e-03
4.73292e-03
4.72973e-03
4.72652e-03
4.72329e-03
4.72004e-03
4.71677e-03
4.71349e-03
4.71021e-03
4.70692e-03
4.70363e-03
4.70035e-03
4.69708e-03
4.69382e-03
4.69058e-03
4.68736e-03
4.68417e-03
4.68100e-03
4.67787e-03
4.67478e-03
4.67173e-03
4.66873e-03
4.66577e-03
4.66287e-03
4.66003e-03
4.65726e-03
4.65454e-03
4.65190e-03
4.64933e-03
4.64683e-03
4.64439e-03
4.64202e-03
4.63970e-03
4.63743e-03
4.63522e-03
4.63305e-03
4.63093e-03
4.62884e-03
4.62679e-03
4.62478e-03
4.62279e-03
4.62082e-03
4.61888e-03
4.61696e-03
4.61505e-03
4.61315e-03
4.61126e-03
4.60938e-03
4.60749e-03
4.60560e-03
4.60371e-03
4.60180e-03
4.59988e-03
4.59794e-03
4.59598e-03
4.59400e-03
4.59199e-03
4.58995e-03
4.58787e-03
4.58575e-03
4.58359e-03
4.58139e-03
4.57914e-03
4.57685e-03
4.57453e-03
4.57217e-03
4.56978e-03
4.56736e-03
4.56492e-03
4.56245e-03
4.55996e-03
4.55746e-03
4.55494e-03
4.55241e-03
4.54987e-03
4.54732e-03
4.54477e-03
4.54222e-03
4.53967e-03
4.53713e-03
4.53460e-03
4.53207e-03
4.52956e-03
4.52707e-03
4.52460e-03
4.52214e-03
4.51972e-03
4.51732e-03
4.51495e-03
4.51261e-03
4.51031e-03
4.50805e-03
4.50583e-03
4.50366e-03
4.50153e-03
4.49945e-03
4.49741e-03
4.49541e-03
4.49344e-03
4.49151e-03
4.48960e-03
4.48772e-03
4.48586e-03
4.48401e-03
4.48218e-03
4.48036e-03
4.47855e-03
4.47674e-03
4.47493e-03
4.47312e-03
4.47130e-03
4.46947e-03
4.46763e-03
4.46577e-03
4.46389e-03
4.46199e-03
4.46005e-03
4.45809e-03
4.45609e-03
4.45405e-03
4.45197e-03
4.44985e-03
4.44768e-03
4.44545e-03
4.44317e-03
4.44083e-03
4.43843e-03
4.43596e-03
4.43343e-03
4.43083e-03
4.42818e-03
4.42547e-03
4.42272e-03
4.41992e-03
4.41707e-03
4.41420e-03
4.41129e-03
4.40835e-03
4.40539e-03
4.40241e-03
4.39941e-03
4.39640e-03
4.39339e-03
4.39037e-03
4.38736e-03
4.38435e-03
4.38135e-03
4.37837e-03
4.37541e-03
4.37247e-03
4.36956e-03
4.36668e-03
4.36383e-03
4.36103e-03
4.35827e-03
4.35556e-03
4.35290e-03
4.35030e-03
4.34776e-03
4.34529e-03
4.34289e-03
4.34056e-03
4.33830e-03
4.33611e-03
4.33399e-03
4.33193e-03
4.32993e-03
4.32800e-03
4.32611e-03
4.32428e-03
4.32251e-03
4.32078e-03
4.31910e-03
4.31746e-03
4.31586e-03
4.31431e-03
4.31279e-03
4.31130e-03
4.30984e-03
4.30842e-03
4.30702e-03
4.30564e-03
4.30429e-03
4.30295e-03
4.30163e-03
4.30033e-03
4.29904e-03
4.29775e-03
4.29648e-03
4.29520e-03
4.29393e-03
4.29266e-03
4.29138e-03
4.29010e-03
4.28881e-03
4.28752e-03
4.28621e-03
4.28489e-03
4.28356e-03
4.28221e-03
4.28086e-03
4.27949e-03
4.27810e-03
4.27670e-03
4.27529e-03
4.27386e-03
4.27241e-03
4.27095e-03
4.26946e-03
4.26796e-03
4.26644e-03
4.26489e-03
4.26333e-03
4.26174e-03
4.26013e-03
4.25850e-03
4.25684e-03
4.25516e-03
4.25346e-03
4.25172e-03
4.24996e-03
4.24818e-03
4.24636e-03
4.24452e-03
4.24265e-03
4.24074e-03
4.23881e-03
4.23684e-03
4.23485e-03
4.23282e-03
4.23077e-03
4.22869e-03
4.22659e-03
4.22446e-03
4.22232e-03
4.22016e-03
4.21799e-03
4.21580e-03
4.21360e-03
4.21139e-03
4.20917e-03
4.20694e-03
4.20472e-03
4.20249e-03
4.20026e-03
4.19803e-03
4.19581e-03
4.19360e-03
4.19139e-03
4.18919e-03
4.18700e-03
4.18483e-03
4.18267e-03
4.18054e-03
4.17842e-03
4.17632e-03
4.17425e-03
4.17220e-03
4.17018e-03
4.16819e-03
4.16623e-03
4.16430e-03
4.16241e-03
4.16054e-03
4.15870e-03
4.15688e-03
4.15508e-03
4.15331e-03
4.15155e-03
4.14980e-03
4.14807e-03
4.14634e-03
4.14463e-03
4.14292e-03
4.14121e-03
4.13950e-03
4.13780e-03
4.13609e-03
4.13437e-03
4.13264e-03
4.13090e-03
4.12915e-03
4.12739e-03
4.12561e-03
4.12380e-03
4.12198e-03
4.12013e-03
4.11825e-03
4.11635e-03
4.11441e-03
4.11244e-03
4.11043e-03
4.10839e-03
4.10630e-03
4.10417e-03
4.10200e-03
4.09979e-03
4.09755e-03
4.09527e-03
4.09297e-03
4.09063e-03
4.08828e-03
4.08590e-03
4.08350e-03
4.08108e-03
4.07865e-03
4.07621e-03
4.07377e-03
4.07132e-03
4.06886e-03
4.06641e-03
4.06396e-03
4.06151e-03
4.05907e-03
4.05665e-03
4.05424e-03
4.05185e-03
4.04947e-03
4.04712e-03
4.04480e-03
4.04250e-03
4.04023e-03
4.03800e-03
4.03580e-03
4.03365e-03
4.03153e-03
4.02946e-03
4.02744e-03
4.02547e-03
4.02354e-03
4.02165e-03
4.01981e-03
4.01800e-03
4.01623e-03
4.01450e-03
4.01280e-03
4.01112e-03
4.00948e-03
4.00786e-03
4.00626e-03
4.00469e-03
4.00313e-03
4.00159e-03
4.00006e-03
3.99855e-03
3.99704e-03
3.99554e-03
3.99405e-03
3.99255e-03
3.99106e-03
3.98957e-03
3.98807e-03
3.98657e-03
3.98506e-03
3.98353e-03
3.98200e-03
3.98044e-03
3.97887e-03
3.97728e-03
3.97567e-03
3.97403e-03
3.97237e-03
3.97068e-03
3.96896e-03
3.96722e-03
3.96546e-03
3.96368e-03
3.96187e-03
3.96004e-03
3.95820e-03
3.95633e-03
3.95444e-03
3.95254e-03
3.95062e-03
3.94868e-03
3.94673e-03
3.94477e-03
3.94279e-03
3.94079e-03
3.93879e-03
3.93677e-03
3.93474e-03
3.93270e-03
3.93066e-03
3.92860e-03
3.92654e-03
3.92447e-03
3.92239e-03
3.92031e-03
3.91822e-03
3.91614e-03
3.91404e-03
3.91195e-03
3.90986e-03
3.90776e-03
3.90566e-03
3.90357e-03
3.90148e-03
3.89939e-03
3.89731e-03
3.89524e-03
3.89317e-03
3.89111e-03
3.88906e-03
3.88702e-03
3.88499e-03
3.88297e-03
3.88097e-03
3.87898e-03
3.87701e-03
3.87505e-03
3.87312e-03
3.87120e-03
3.86930e-03
3.86742e-03
3.86557e-03
3.86374e-03
3.86193e-03
3.86015e-03
3.85840e-03
3.85667e-03
3.85498e-03
3.85331e-03
3.85168e-03
3.85007e-03
3.84850e-03
3.84697e-03
3.84547e-03
3.84400e-03
3.84257e-03
3.84117e-03
3.83979e-03
3.83844e-03
3.83712e-03
3.83581e-03
3.83452e-03
3.83325e-03
3.83199e-03
3.83074e-03
3.82950e-03
3.82827e-03
3.82704e-03
3.82581e-03
3.82458e-03
3.82334e-03
3.82210e-03
3.82085e-03
3.81959e-03
3.81831e-03
3.81702e-03
3.81572e-03
3.81439e-03
3.81303e-03
3.81166e-03
3.81025e-03
3.80881e-03
3.80735e-03
3.80584e-03
3.80430e-03
3.80272e-03
3.80110e-03
3.79943e-03
3.79772e-03
3.79597e-03
3.79419e-03
3.79238e-03
3.79053e-03
3.78866e-03
3.78677e-03
3.78485e-03
3.78292e-03
3.78097e-03
3.77900e-03
3.77703e-03
3.77506e-03
3.77307e-03
3.77109e-03
3.76911e-03
3.76714e-03
3.76517e-03
3.76321e-03
3.76127e-03
3.75934e-03
3.75743e-03
3.75555e-03
3.75368e-03
3.75185e-03
3.75005e-03
3.74828e-03
3.74655e-03
3.74486e-03
3.74321e-03
3.74160e-03
3.74004e-03
3.73853e-03
3.73708e-03
3.73566e-03
3.73429e-03
3.73295e-03
3.73165e-03
3.73038e-03
3.72914e-03
3.72792e-03
3.72672e-03
3.72554e-03
3.72437e-03
3.72321e-03
3.72205e-03
3.72090e-03
3.71975e-03
3.71859e-03
3.71743e-03
3.71625e-03
3.71506e-03
3.71385e-03
3.71261e-03
3.71135e-03
3.71007e-03
3.70874e-03
3.70739e-03
3.70599e-03
3.70455e-03
3.70306e-03
3.70152e-03
3.69993e-03
3.69828e-03
3.69656e-03
3.69479e-03
3.69295e-03
3.69105e-03
3.68909e-03
3.68708e-03
3.68502e-03
3.68292e-03
3.68078e-03
3.67860e-03
3.67639e-03
3.67415e-03
3.67189e-03
3.66961e-03
3.66731e-03
3.66500e-03
3.66268e-03
3.66036e-03
3.65804e-03
3.65572e-03
3.65341e-03
3.65111e-03
3.64883e-03
3.64657e-03
3.64434e-03
3.64213e-03
3.63995e-03
3.63781e-03
3.63572e-03
3.63366e-03
3.63166e-03
3.62970e-03
3.62781e-03
3.62597e-03
3.62420e-03
3.62250e-03
3.62086e-03
3.61928e-03
3.61776e-03
3.61630e-03
3.61489e-03
3.61353e-03
3.61221e-03
3.61094e-03
3.60972e-03
3.60853e-03
3.60737e-03
3.60625e-03
3.60516e-03
3.60410e-03
3.60306e-03
3.60204e-03
3.60104e-03
3.60005e-03
3.59908e-03
3.59812e-03
3.59716e-03
3.59621e-03
3.59526e-03
3.59430e-03
3.59334e-03
3.59238e-03
3.59140e-03
3.59041e-03
3.58940e-03
3.58838e-03
3.58733e-03
3.58625e-03
3.58515e-03
3.58402e-03
3.58287e-03
3.58168e-03
3.58048e-03
3.57925e-03
3.57800e-03
3.57673e-03
3.57544e-03
3.57413e-03
3.57280e-03
3.57146e-03
3.57010e-03
3.56873e-03
3.56735e-03
3.56595e-03
3.56454e-03
3.56313e-03
3.56170e-03
3.56027e-03
3.55883e-03
3.55739e-03
3.55594e-03
3.55449e-03
3.55304e-03
3.55159e-03
3.55014e-03
3.54869e-03
3.54724e-03
3.54580e-03
3.54436e-03
3.54293e-03
3.54150e-03
3.54009e-03
3.53868e-03
3.53728e-03
3.53589e-03
3.53450e-03
3.53312e-03
3.53174e-03
3.53037e-03
3.52900e-03
3.52764e-03
3.52627e-03
3.52491e-03
3.52354e-03
3.52218e-03
3.52081e-03
3.51945e-03
3.51807e-03
3.51670e-03
3.51532e-03
3.51393e-03
3.51254e-03
3.51114e-03
3.50974e-03
3.50832e-03
3.50690e-03
3.50546e-03
3.50402e-03
3.50256e-03
3.50109e-03
3.49961e-03
3.49812e-03
3.49660e-03
3.49508e-03
3.49354e-03
3.49198e-03
3.49040e-03
3.48881e-03
3.48721e-03
3.48559e-03
3.48396e-03
3.48231e-03
3.48066e-03
3.47899e-03
3.47732e-03
3.47563e-03
3.47394e-03
3.47224e-03
3.47053e-03
3.46882e-03
3.46710e-03
3.46538e-03
3.46365e-03
3.46192e-03
3.46019e-03
3.45846e-03
3.45672e-03
3.45499e-03
3.45326e-03
3.45152e-03
3.44980e-03
3.44807e-03
3.44635e-03
3.44463e-03
3.44292e-03
3.44122e-03
3.43952e-03
3.43783e-03
3.43615e-03
3.43448e-03
3.43282e-03
3.43116e-03
3.42952e-03
3.42789e-03
3.42626e-03
3.42465e-03
3.42305e-03
3.42146e-03
3.41988e-03
3.41832e-03
3.41676e-03
3.41522e-03
3.41369e-03
3.41218e-03
3.41067e-03
3.40918e-03
3.40771e-03
3.40625e-03
3.40480e-03
3.40337e-03
3.40195e-03
3.40055e-03
3.39917e-03
3.39780e-03
3.39645e-03
3.39511e-03
3.39379e-03
3.39249e-03
3.39120e-03
3.38993e-03
3.38868e-03
3.38745e-03
3.38624e-03
3.38504e-03
3.38386e-03
3.38269e-03
3.38153e-03
3.38039e-03
3.37926e-03
3.37813e-03
3.37701e-03
3.37590e-03
3.37479e-03
3.37369e-03
3.37259e-03
3.37149e-03
3.37039e-03
3.36928e-03
3.36818e-03
3.36707e-03
3.36596e-03
3.36484e-03
3.36371e-03
3.36257e-03
3.36142e-03
3.36026e-03
3.35909e-03
3.35790e-03
3.35669e-03
3.35547e-03
3.35424e-03
3.35298e-03
3.35170e-03
3.35040e-03
3.34907e-03
3.34773e-03
3.34635e-03
3.34496e-03
3.34355e-03
3.34212e-03
3.34067e-03
3.33920e-03
3.33772e-03
3.33623e-03
3.33472e-03
3.33320e-03
3.33167e-03
3.33014e-03
3.32859e-03
3.32704e-03
3.32548e-03
3.32392e-03
3.32236e-03
3.32080e-03
3.31923e-03
3.31767e-03
3.31611e-03
3.31455e-03
3.31300e-03
3.31146e-03
3.30992e-03
3.30839e-03
3.30687e-03
3.30537e-03
3.30387e-03
3.30239e-03
3.30093e-03
3.29948e-03
3.29805e-03
3.29664e-03
3.29524e-03
3.29386e-03
3.29249e-03
3.29114e-03
3.28981e-03
3.28849e-03
3.28718e-03
3.28588e-03
3.28460e-03
3.28332e-03
3.28206e-03
3.28081e-03
3.27957e-03
3.27834e-03
3.27711e-03
3.27589e-03
3.27468e-03
3.27348e-03
3.27228e-03
3.27109e-03
3.26991e-03
3.26872e-03
3.26754e-03
3.26637e-03
3.26519e-03
3.26402e-03
3.26285e-03
3.26168e-03
3.26051e-03
3.25934e-03
3.25817e-03
3.25699e-03
3.25582e-03
3.25464e-03
3.25346e-03
3.25228e-03
3.25110e-03
3.24991e-03
3.24872e-03
3.24753e-03
3.24634e-03
3.24515e-03
3.24395e-03
3.24275e-03
3.24156e-03
3.24035e-03
3.23915e-03
3.23795e-03
3.23674e-03
3.23553e-03
3.23432e-03
3.23311e-03
3.23189e-03
3.23068e-03
3.22946e-03
3.22824e-03
3.22702e-03
3.22579e-03
3.22457e-03
3.22334e-03
3.22211e-03
3.22088e-03
3.21965e-03
3.21841e-03
3.21718e-03
3.21594e-03
3.21470e-03
3.21346e-03
3.21222e-03
3.21097e-03
3.20973e-03
3.20848e-03
3.20723e-03
3.20597e-03
3.20472e-03
3.20346e-03
3.20220e-03
3.20094e-03
3.19968e-03
3.19841e-03
3.19714e-03
3.19587e-03
3.19460e-03
3.19332e-03
3.19205e-03
3.19076e-03
3.18948e-03
3.18820e-03
3.18691e-03
3.18562e-03
3.18432e-03
3.18303e-03
3.18173e-03
3.18042e-03
3.17912e-03
3.17781e-03
3.17650e-03
3.17519e-03
3.17387e-03
3.17255e-03
3.17123e-03
3.16990e-03
3.16857e-03
3.16724e-03
3.16591e-03
3.16457e-03
3.16324e-03
3.16190e-03
3.16055e-03
3.15921e-03
3.15786e-03
3.15651e-03
3.15516e-03
3.15381e-03
3.15245e-03
3.15110e-03
3.14974e-03
3.14838e-03
3.14702e-03
3.14566e-03
3.14430e-03
3.14293e-03
3.14157e-03
3.14020e-03
3.13884e-03
3.13747e-03
3.13610e-03
3.13473e-03
3.13336e-03
3.13199e-03
3.13062e-03
3.12925e-03
3.12788e-03
3.12651e-03
3.12513e-03
3.12376e-03
3.12239e-03
3.12102e-03
3.11965e-03
3.11828e-03
3.11692e-03
3.11555e-03
3.11418e-03
3.11282e-03
3.11146e-03
3.11009e-03
3.10873e-03
3.10738e-03
3.10602e-03
3.10466e-03
3.10331e-03
3.10196e-03
3.10061e-03
3.09927e-03
3.09793e-03
3.09659e-03
3.09525e-03
3.09392e-03
3.09259e-03
3.09126e-03
3.08994e-03
3.08862e-03
3.08730e-03
3.08599e-03
3.08468e-03
3.08338e-03
3.08208e-03
3.08078e-03
3.07949e-03
3.07819e-03
3.07691e-03
3.07562e-03
3.07433e-03
3.07305e-03
3.07177e-03
3.07049e-03
3.06921e-03
3.06793e-03
3.06665e-03
3.06537e-03
3.06409e-03
3.06280e-03
3.06152e-03
3.06024e-03
3.05895e-03
3.05766e-03
3.05637e-03
3.05507e-03
3.05378e-03
3.05248e-03
3.05117e-03
3.04986e-03
3.04855e-03
3.04723e-03
3.04591e-03
3.04458e-03
3.04325e-03
3.04191e-03
3.04056e-03
3.03921e-03
3.03786e-03
3.03650e-03
3.03513e-03
3.03377e-03
3.03240e-03
3.03103e-03
3.02966e-03
3.02828e-03
3.02691e-03
3.02554e-03
3.02417e-03
3.02281e-03
3.02144e-03
3.02008e-03
3.01873e-03
3.01738e-03
3.01603e-03
3.01470e-03
3.01336e-03
3.01204e-03
3.01073e-03
3.00942e-03
3.00812e-03
3.00684e-03
3.00556e-03
3.00430e-03
3.00305e-03
3.00181e-03
3.00059e-03
2.99938e-03
2.99818e-03
2.99701e-03
2.99584e-03
2.99469e-03
2.99356e-03
2.99244e-03
2.99134e-03
2.99024e-03
2.98917e-03
2.98810e-03
2.98704e-03
2.98600e-03
2.98497e-03
2.98394e-03
2.98293e-03
2.98193e-03
2.98093e-03
2.97995e-03
2.97897e-03
2.97800e-03
2.97703e-03
2.97607e-03
2.97512e-03
2.97417e-03
2.97323e-03
2.97230e-03
2.97136e-03
2.97043e-03
2.96951e-03
2.96858e-03
2.96766e-03
2.96674e-03
2.96582e-03
2.96490e-03
2.96398e-03
2.96306e-03
2.96214e-03
2.96122e-03
2.96030e-03
2.95937e-03
2.95844e-03
2.95751e-03
2.95658e-03
2.95564e-03
2.95470e-03
2.95376e-03
2.95281e-03
2.95185e-03
2.95089e-03
2.94993e-03
2.94895e-03
2.94798e-03
2.94699e-03
2.94599e-03
2.94499e-03
2.94398e-03
2.94296e-03
2.94194e-03
2.94090e-03
2.93985e-03
2.93880e-03
2.93773e-03
2.93665e-03
2.93556e-03
2.93446e-03
2.93334e-03
2.93222e-03
2.93108e-03
2.92992e-03
2.92876e-03
2.92758e-03
2.92639e-03
2.92519e-03
2.92399e-03
2.92277e-03
2.92155e-03
2.92032e-03
2.91909e-03
2.91785e-03
2.91661e-03
2.91537e-03
2.91412e-03
2.91288e-03
2.91163e-03
2.91039e-03
2.90914e-03
2.90790e-03
2.90667e-03
2.90544e-03
2.90421e-03
2.90299e-03
2.90178e-03
2.90057e-03
2.89938e-03
2.89819e-03
2.89702e-03
2.89586e-03
2.89471e-03
2.89358e-03
2.89246e-03
2.89135e-03
2.89026e-03
2.88919e-03
2.88813e-03
2.88709e-03
2.88606e-03
2.88504e-03
2.88404e-03
2.88304e-03
2.88206e-03
2.88108e-03
2.88011e-03
2.87915e-03
2.87819e-03
2.87724e-03
2.87629e-03
2.87534e-03
2.87440e-03
2.87346e-03
2.87251e-03
2.87157e-03
2.87062e-03
2.86967e-03
2.86872e-03
2.86776e-03
2.86680e-03
2.86583e-03
2.86485e-03
2.86386e-03
2.86287e-03
2.86186e-03
2.86084e-03
2.85981e-03
2.85877e-03
2.85771e-03
2.85664e-03
2.85555e-03
2.85445e-03
2.85334e-03
2.85222e-03
2.85109e-03
2.84995e-03
2.84880e-03
2.84765e-03
2.84649e-03
2.84533e-03
2.84416e-03
2.84299e-03
2.84182e-03
2.84065e-03
2.83948e-03
2.83831e-03
2.83715e-03
2.83599e-03
2.83483e-03
2.83368e-03
2.83254e-03
2.83140e-03
2.83028e-03
2.82916e-03
2.82806e-03
2.82696e-03
2.82588e-03
2.82482e-03
2.82377e-03
2.82273e-03
2.82172e-03
2.82072e-03
2.81974e-03
2.81878e-03
2.81783e-03
2.81691e-03
2.81599e-03
2.81510e-03
2.81421e-03
2.81334e-03
2.81248e-03
2.81163e-03
2.81079e-03
2.80996e-03
2.80913e-03
2.80832e-03
2.80750e-03
2.80669e-03
2.80589e-03
2.80509e-03
2.80429e-03
2.80349e-03
2.80269e-03
2.80188e-03
2.80108e-03
2.80027e-03
2.79946e-03
2.79864e-03
2.79781e-03
2.79698e-03
2.79614e-03
2.79529e-03
2.79443e-03
2.79355e-03
2.79267e-03
2.79177e-03
2.79086e-03
2.78993e-03
2.78899e-03
2.78804e-03
2.78708e-03
2.78611e-03
2.78513e-03
2.78414e-03
2.78314e-03
2.78213e-03
2.78111e-03
2.78008e-03
2.77905e-03
2.77801e-03
2.77697e-03
2.77592e-03
2.77487e-03
2.77381e-03
2.77275e-03
2.77168e-03
2.77061e-03
2.76954e-03
2.76847e-03
2.76740e-03
2.76633e-03
2.76526e-03
2.76419e-03
2.76312e-03
2.76205e-03
2.76098e-03
2.75992e-03
2.75886e-03
2.75780e-03
2.75675e-03
2.75570e-03
2.75466e-03
2.75362e-03
2.75259e-03
2.75155e-03
2.75052e-03
2.74949e-03
2.74847e-03
2.74745e-03
2.74643e-03
2.74541e-03
2.74439e-03
2.74337e-03
2.74236e-03
2.74134e-03
2.74033e-03
2.73931e-03
2.73830e-03
2.73728e-03
2.73627e-03
2.73526e-03
2.73424e-03
2.73322e-03
2.73220e-03
2.73118e-03
2.73016e-03
2.72914e-03
2.72811e-03
2.72708e-03
2.72605e-03
2.72502e-03
2.72398e-03
2.72294e-03
2.72189e-03
2.72085e-03
2.71980e-03
2.71875e-03
2.71770e-03
2.71664e-03
2.71559e-03
2.71454e-03
2.71349e-03
2.71244e-03
2.71139e-03
2.71034e-03
2.70930e-03
2.70826e-03
2.70722e-03
2.70618e-03
2.70516e-03
2.70413e-03
2.70311e-03
2.70210e-03
2.70109e-03
2.70009e-03
2.69910e-03
2.69812e-03
2.69714e-03
2.69617e-03
2.69521e-03
2.69426e-03
2.69332e-03
2.69240e-03
2.69148e-03
2.69057e-03
2.68968e-03
2.68879e-03
2.68792e-03
2.68706e-03
2.68620e-03
2.68535e-03
2.68451e-03
2.68367e-03
2.68283e-03
2.68200e-03
2.68117e-03
2.68033e-03
2.67950e-03
2.67866e-03
2.67782e-03
2.67698e-03
2.67613e-03
2.67527e-03
2.67440e-03
2.67353e-03
2.67264e-03
2.67174e-03
2.67083e-03
2.66991e-03
2.66897e-03
2.66802e-03
2.66704e-03
2.66605e-03
2.66504e-03
2.66401e-03
2.66296e-03
2.66188e-03
2.66078e-03
2.65965e-03
2.65850e-03
2.65733e-03
2.65613e-03
2.65492e-03
2.65368e-03
2.65243e-03
2.65116e-03
2.64989e-03
2.64860e-03
2.64730e-03
2.64600e-03
2.64469e-03
2.64338e-03
2.64206e-03
2.64075e-03
2.63944e-03
2.63813e-03
2.63683e-03
2.63554e-03
2.63425e-03
2.63298e-03
2.63172e-03
2.63048e-03
2.62925e-03
2.62804e-03
2.62686e-03
2.62569e-03
2.62455e-03
2.62344e-03
2.62235e-03
2.62130e-03
2.62027e-03
2.61928e-03
2.61833e-03
2.61741e-03
2.61652e-03
2.61566e-03
2.61482e-03
2.61402e-03
2.61324e-03
2.61248e-03
2.61174e-03
2.61102e-03
2.61032e-03
2.60964e-03
2.60897e-03
2.60831e-03
2.60766e-03
2.60701e-03
2.60638e-03
2.60575e-03
2.60512e-03
2.60449e-03
2.60386e-03
2.60323e-03
2.60259e-03
2.60195e-03
2.60130e-03
2.60064e-03
2.59996e-03
2.59928e-03
2.59858e-03
2.59786e-03
2.59712e-03
2.59636e-03
2.59557e-03
2.59477e-03
2.59394e-03
2.59308e-03
2.59220e-03
2.59131e-03
2.59039e-03
2.58945e-03
2.58850e-03
2.58753e-03
2.58654e-03
2.58554e-03
2.58452e-03
2.58350e-03
2.58246e-03
2.58142e-03
2.58036e-03
2.57930e-03
2.57823e-03
2.57716e-03
2.57608e-03
2.57500e-03
2.57391e-03
2.57283e-03
2.57175e-03
2.57067e-03
2.56959e-03
2.56851e-03
2.56744e-03
2.56638e-03
2.56532e-03
2.56428e-03
2.56324e-03
2.56221e-03
2.56119e-03
2.56019e-03
2.55920e-03
2.55822e-03
2.55724e-03
2.55628e-03
2.55533e-03
2.55438e-03
2.55345e-03
2.55251e-03
2.55159e-03
2.55067e-03
2.54975e-03
2.54884e-03
2.54793e-03
2.54702e-03
2.54611e-03
2.54520e-03
2.54430e-03
2.54339e-03
2.54248e-03
2.54157e-03
2.54066e-03
2.53974e-03
2.53882e-03
2.53789e-03
2.53696e-03
2.53602e-03
2.53507e-03
2.53411e-03
2.53315e-03
2.53218e-03
2.53119e-03
2.53020e-03
2.52919e-03
2.52818e-03
2.52715e-03
2.52611e-03
2.52507e-03
2.52402e-03
2.52296e-03
2.52190e-03
2.52083e-03
2.51976e-03
2.51869e-03
2.51762e-03
2.51654e-03
2.51547e-03
2.51439e-03
2.51332e-03
2.51225e-03
2.51119e-03
2.51012e-03
2.50907e-03
2.50802e-03
2.50698e-03
2.50594e-03
2.50492e-03
2.50390e-03
2.50290e-03
2.50190e-03
2.50092e-03
2.49996e-03
2.49901e-03
2.49807e-03
2.49715e-03
2.49624e-03
2.49536e-03
2.49449e-03
2.49364e-03
2.49280e-03
2.49198e-03
2.49118e-03
2.49038e-03
2.48960e-03
2.48883e-03
2.48807e-03
2.48732e-03
2.48658e-03
2.48584e-03
2.48511e-03
2.48439e-03
2.48367e-03
2.48296e-03
2.48225e-03
2.48154e-03
2.48083e-03
2.48012e-03
2.47942e-03
2.47870e-03
2.47799e-03
2.47728e-03
2.47655e-03
2.47583e-03
2.47510e-03
2.47436e-03
2.47361e-03
2.47285e-03
2.47209e-03
2.47131e-03
2.47052e-03
2.46972e-03
2.46890e-03
2.46808e-03
2.46725e-03
2.46640e-03
2.46555e-03
2.46469e-03
2.46383e-03
2.46295e-03
2.46207e-03
2.46119e-03
2.46030e-03
2.45941e-03
2.45851e-03
2.45761e-03
2.45671e-03
2.45581e-03
2.45490e-03
2.45400e-03
2.45310e-03
2.45220e-03
2.45130e-03
2.45040e-03
2.44951e-03
2.44862e-03
2.44774e-03
2.44686e-03
2.44599e-03
2.44513e-03
2.44427e-03
2.44342e-03
2.44258e-03
2.44175e-03
2.44093e-03
2.44012e-03
2.43932e-03
2.43853e-03
2.43774e-03
2.43697e-03
2.43620e-03
2.43544e-03
2.43469e-03
2.43394e-03
2.43320e-03
2.43246e-03
2.43173e-03
2.43101e-03
2.43029e-03
2.42957e-03
2.42886e-03
2.42815e-03
2.42744e-03
2.42674e-03
2.42604e-03
2.42534e-03
2.42464e-03
2.42394e-03
2.42324e-03
2.42254e-03
2.42184e-03
2.42114e-03
2.42044e-03
2.41973e-03
2.41903e-03
2.41832e-03
2.41761e-03
2.41689e-03
2.41617e-03
2.41545e-03
2.41473e-03
2.41399e-03
2.41326e-03
2.41252e-03
2.41177e-03
2.41102e-03
2.41026e-03
2.40950e-03
2.40873e-03
2.40795e-03
2.40716e-03
2.40637e-03
2.40557e-03
2.40477e-03
2.40395e-03
2.40313e-03
2.40230e-03
2.40145e-03
2.40060e-03
2.39974e-03
2.39888e-03
2.39800e-03
2.39711e-03
2.39621e-03
2.39530e-03
2.39438e-03
2.39344e-03
2.39250e-03
2.39154e-03
2.39057e-03
2.38959e-03
2.38860e-03
2.38759e-03
2.38658e-03
2.38556e-03
2.38453e-03
2.38349e-03
2.38245e-03
2.38140e-03
2.38035e-03
2.37929e-03
2.37824e-03
2.37718e-03
2.37612e-03
2.37507e-03
2.37402e-03
2.37297e-03
2.37193e-03
2.37090e-03
2.36987e-03
2.36885e-03
2.36784e-03
2.36684e-03
2.36585e-03
2.36487e-03
2.36391e-03
2.36296e-03
2.36203e-03
2.36111e-03
2.36021e-03
2.35933e-03
2.35847e-03
2.35763e-03
2.35682e-03
2.35602e-03
2.35525e-03
2.35450e-03
2.35377e-03
2.35306e-03
2.35236e-03
2.35169e-03
2.35103e-03
2.35038e-03
2.34975e-03
2.34913e-03
2.34852e-03
2.34793e-03
2.34734e-03
2.34676e-03
2.34619e-03
2.34563e-03
2.34507e-03
2.34452e-03
2.34397e-03
2.34342e-03
2.34288e-03
2.34233e-03
2.34179e-03
2.34125e-03
2.34070e-03
2.34015e-03
2.33959e-03
2.33903e-03
2.33846e-03
2.33789e-03
2.33731e-03
2.33671e-03
2.33611e-03
2.33550e-03
2.33487e-03
2.33424e-03
2.33359e-03
2.33294e-03
2.33227e-03
2.33159e-03
2.33090e-03
2.33020e-03
2.32949e-03
2.32876e-03
2.32803e-03
2.32728e-03
2.32652e-03
2.32576e-03
2.32497e-03
2.32418e-03
2.32338e-03
2.32256e-03
2.32173e-03
2.32089e-03
2.32004e-03
2.31918e-03
2.31831e-03
2.31742e-03
2.31652e-03
2.31561e-03
2.31468e-03
2.31375e-03
2.31280e-03
2.31184e-03
2.31086e-03
2.30988e-03
2.30888e-03
2.30787e-03
2.30685e-03
2.30583e-03
2.30480e-03
2.30376e-03
2.30272e-03
2.30168e-03
2.30064e-03
2.29960e-03
2.29856e-03
2.29753e-03
2.29650e-03
2.29547e-03
2.29446e-03
2.29345e-03
2.29246e-03
2.29148e-03
2.29051e-03
2.28955e-03
2.28862e-03
2.28770e-03
2.28680e-03
2.28592e-03
2.28506e-03
2.28423e-03
2.28342e-03
2.28264e-03
2.28189e-03
2.28117e-03
2.28047e-03
2.27981e-03
2.27919e-03
2.27859e-03
2.27803e-03
2.27750e-03
2.27700e-03
2.27653e-03
2.27608e-03
2.27565e-03
2.27525e-03
2.27486e-03
2.27449e-03
2.27413e-03
2.27378e-03
2.27345e-03
2.27312e-03
2.27280e-03
2.27248e-03
2.27216e-03
2.27185e-03
2.27153e-03
2.27120e-03
2.27087e-03
2.27053e-03
2.27018e-03
2.26982e-03
2.26945e-03
2.26905e-03
2.26864e-03
2.26821e-03
2.26775e-03
2.26727e-03
2.26676e-03
2.26622e-03
2.26565e-03
2.26505e-03
2.26442e-03
2.26375e-03
2.26305e-03
2.26233e-03
2.26157e-03
2.26079e-03
2.25999e-03
2.25916e-03
2.25831e-03
2.25744e-03
2.25654e-03
2.25563e-03
2.25470e-03
2.25376e-03
2.25280e-03
2.25182e-03
2.25083e-03
2.24984e-03
2.24883e-03
2.24781e-03
2.24679e-03
2.24576e-03
2.24473e-03
2.24369e-03
2.24265e-03
2.24161e-03
2.24057e-03
2.23953e-03
2.23849e-03
2.23746e-03
2.23643e-03
2.23541e-03
2.23440e-03
2.23340e-03
2.23240e-03
2.23142e-03
2.23044e-03
2.22947e-03
2.22852e-03
2.22757e-03
2.22663e-03
2.22570e-03
2.22479e-03
2.22388e-03
2.22298e-03
2.22210e-03
2.22122e-03
2.22036e-03
2.21951e-03
2.21866e-03
2.21783e-03
2.21702e-03
2.21621e-03
2.21541e-03
2.21463e-03
2.21386e-03
2.21310e-03
2.21236e-03
2.21162e-03
2.21090e-03
2.21020e-03
2.20950e-03
2.20882e-03
2.20816e-03
2.20750e-03
2.20686e-03
2.20624e-03
2.20562e-03
2.20502e-03
2.20443e-03
2.20385e-03
2.20328e-03
2.20272e-03
2.20217e-03
2.20162e-03
2.20108e-03
2.20055e-03
2.20002e-03
2.19949e-03
2.19896e-03
2.19844e-03
2.19792e-03
2.19740e-03
2.19687e-03
2.19635e-03
2.19582e-03
2.19529e-03
2.19475e-03
2.19421e-03
2.19366e-03
2.19310e-03
2.19254e-03
2.19197e-03
2.19139e-03
2.19080e-03
2.19019e-03
2.18958e-03
2.18895e-03
2.18831e-03
2.18765e-03
2.18698e-03
2.18629e-03
2.18559e-03
2.18488e-03
2.18416e-03
2.18342e-03
2.18268e-03
2.18192e-03
2.18116e-03
2.18039e-03
2.17961e-03
2.17883e-03
2.17804e-03
2.17724e-03
2.17644e-03
2.17563e-03
2.17483e-03
2.17401e-03
2.17320e-03
2.17239e-03
2.17158e-03
2.17076e-03
2.16995e-03
2.16914e-03
2.16833e-03
2.16753e-03
2.16673e-03
2.16593e-03
2.16514e-03
2.16436e-03
2.16358e-03
2.16281e-03
2.16205e-03
2.16129e-03
2.16055e-03
2.15981e-03
2.15908e-03
2.15835e-03
2.15763e-03
2.15691e-03
2.15620e-03
2.15549e-03
2.15479e-03
2.15409e-03
2.15339e-03
2.15269e-03
2.15199e-03
2.15130e-03
2.15060e-03
2.14990e-03
2.14921e-03
2.14851e-03
2.14780e-03
2.14710e-03
2.14639e-03
2.14568e-03
2.14496e-03
2.14424e-03
2.14351e-03
2.14277e-03
2.14203e-03
2.14128e-03
2.14052e-03
2.13976e-03
2.13898e-03
2.13820e-03
2.13740e-03
2.13660e-03
2.13579e-03
2.13497e-03
2.13414e-03
2.13331e-03
2.13247e-03
2.13163e-03
2.13079e-03
2.12994e-03
2.12909e-03
2.12825e-03
2.12740e-03
2.12655e-03
2.12571e-03
2.12487e-03
2.12403e-03
2.12320e-03
2.12237e-03
2.12156e-03
2.12074e-03
2.11994e-03
2.11914e-03
2.11836e-03
2.11759e-03
2.11682e-03
2.11607e-03
2.11534e-03
2.11462e-03
2.11391e-03
2.11322e-03
2.11255e-03
2.11190e-03
2.11126e-03
2.11064e-03
2.11004e-03
2.10945e-03
2.10888e-03
2.10833e-03
2.10778e-03
2.10725e-03
2.10673e-03
2.10621e-03
2.10570e-03
2.10520e-03
2.10471e-03
2.10422e-03
2.10373e-03
2.10325e-03
2.10277e-03
2.10228e-03
2.10180e-03
2.10131e-03
2.10082e-03
2.10033e-03
2.09982e-03
2.09932e-03
2.09880e-03
2.09827e-03
2.09774e-03
2.09719e-03
2.09663e-03
2.09606e-03
2.09547e-03
2.09487e-03
2.09424e-03
2.09361e-03
2.09295e-03
2.09227e-03
2.09158e-03
2.09087e-03
2.09015e-03
2.08942e-03
2.08867e-03
2.08791e-03
2.08715e-03
2.08637e-03
2.08558e-03
2.08479e-03
2.08399e-03
2.08319e-03
2.08238e-03
2.08157e-03
2.08076e-03
2.07995e-03
2.07914e-03
2.07833e-03
2.07752e-03
2.07671e-03
2.07591e-03
2.07512e-03
2.07433e-03
2.07355e-03
2.07277e-03
2.07201e-03
2.07126e-03
2.07051e-03
2.06978e-03
2.06907e-03
2.06837e-03
2.06768e-03
2.06701e-03
2.06636e-03
2.06571e-03
2.06508e-03
2.06447e-03
2.06386e-03
2.06327e-03
2.06269e-03
2.06212e-03
2.06155e-03
2.06100e-03
2.06046e-03
2.05992e-03
2.05939e-03
2.05887e-03
2.05836e-03
2.05785e-03
2.05734e-03
2.05684e-03
2.05635e-03
2.05586e-03
2.05537e-03
2.05489e-03
2.05440e-03
2.05392e-03
2.05344e-03
2.05296e-03
2.05248e-03
2.05199e-03
2.05151e-03
2.05103e-03
2.05054e-03
2.05005e-03
2.04955e-03
2.04905e-03
2.04855e-03
2.04805e-03
2.04754e-03
2.04702e-03
2.04650e-03
2.04598e-03
2.04545e-03
2.04492e-03
2.04438e-03
2.04384e-03
2.04329e-03
2.04273e-03
2.04217e-03
2.04160e-03
2.04103e-03
2.04045e-03
2.03986e-03
2.03926e-03
2.03866e-03
2.03805e-03
2.03744e-03
2.03681e-03
2.03618e-03
2.03554e-03
2.03489e-03
2.03423e-03
2.03356e-03
2.03289e-03
2.03220e-03
2.03151e-03
2.03080e-03
2.03009e-03
2.02937e-03
2.02864e-03
2.02791e-03
2.02717e-03
2.02642e-03
2.02567e-03
2.02492e-03
2.02416e-03
2.02341e-03
2.02265e-03
2.02190e-03
2.02114e-03
2.02039e-03
2.01964e-03
2.01890e-03
2.01816e-03
2.01742e-03
2.01670e-03
2.01598e-03
2.01526e-03
2.01456e-03
2.01387e-03
2.01319e-03
2.01252e-03
2.01186e-03
2.01122e-03
2.01059e-03
2.00998e-03
2.00939e-03
2.00881e-03
2.00825e-03
2.00770e-03
2.00718e-03
2.00668e-03
2.00619e-03
2.00572e-03
2.00526e-03
2.00482e-03
2.00438e-03
2.00396e-03
2.00355e-03
2.00314e-03
2.00274e-03
2.00234e-03
2.00195e-03
2.00156e-03
2.00117e-03
2.00078e-03
2.00039e-03
1.99999e-03
1.99959e-03
1.99918e-03
1.99877e-03
1.99835e-03
1.99792e-03
1.99747e-03
1.99702e-03
1.99655e-03
1.99606e-03
1.99556e-03
1.99504e-03
1.99450e-03
1.99394e-03
1.99336e-03
1.99276e-03
1.99213e-03
1.99148e-03
1.99080e-03
1.99010e-03
1.98939e-03
1.98865e-03
1.98790e-03
1.98713e-03
1.98634e-03
1.98554e-03
1.98473e-03
1.98391e-03
1.98307e-03
1.98223e-03
1.98138e-03
1.98052e-03
1.97966e-03
1.97879e-03
1.97792e-03
1.97705e-03
1.97618e-03
1.97531e-03
1.97444e-03
1.97357e-03
1.97271e-03
1.97186e-03
1.97101e-03
1.97017e-03
1.96933e-03
1.96851e-03
1.96770e-03
1.96691e-03
1.96613e-03
1.96536e-03
1.96461e-03
1.96387e-03
1.96315e-03
1.96245e-03
1.96175e-03
1.96107e-03
1.96041e-03
1.95975e-03
1.95911e-03
1.95848e-03
1.95786e-03
1.95725e-03
1.95665e-03
1.95606e-03
1.95548e-03
1.95491e-03
1.95434e-03
1.95378e-03
1.95323e-03
1.95269e-03
1.95215e-03
1.95161e-03
1.95108e-03
1.95056e-03
1.95004e-03
1.94952e-03
1.94901e-03
1.94850e-03
1.94799e-03
1.94748e-03
1.94697e-03
1.94646e-03
1.94596e-03
1.94545e-03
1.94494e-03
1.94443e-03
1.94392e-03
1.94340e-03
1.94289e-03
1.94237e-03
1.94185e-03
1.94132e-03
1.94079e-03
1.94026e-03
1.93972e-03
1.93918e-03
1.93863e-03
1.93808e-03
1.93752e-03
1.93695e-03
1.93638e-03
1.93580e-03
1.93521e-03
1.93461e-03
1.93401e-03
1.93339e-03
1.93277e-03
1.93214e-03
1.93150e-03
1.93085e-03
1.93019e-03
1.92952e-03
1.92883e-03
1.92814e-03
1.92743e-03
1.92671e-03
1.92598e-03
1.92524e-03
1.92448e-03
1.92372e-03
1.92295e-03
1.92217e-03
1.92138e-03
1.92059e-03
1.91980e-03
1.91900e-03
1.91820e-03
1.91739e-03
1.91659e-03
1.91579e-03
1.91499e-03
1.91419e-03
1.91340e-03
1.91262e-03
1.91184e-03
1.91106e-03
1.91030e-03
1.90954e-03
1.90880e-03
1.90807e-03
1.90735e-03
1.90664e-03
1.90595e-03
1.90528e-03
1.90462e-03
1.90398e-03
1.90336e-03
1.90276e-03
1.90218e-03
1.90163e-03
1.90109e-03
1.90058e-03
1.90008e-03
1.89961e-03
1.89915e-03
1.89870e-03
1.89827e-03
1.89785e-03
1.89744e-03
1.89704e-03
1.89664e-03
1.89626e-03
1.89587e-03
1.89549e-03
1.89511e-03
1.89474e-03
1.89436e-03
1.89397e-03
1.89359e-03
1.89319e-03
1.89279e-03
1.89239e-03
1.89197e-03
1.89154e-03
1.89109e-03
1.89064e-03
1.89016e-03
1.88967e-03
1.88916e-03
1.88863e-03
1.88808e-03
1.88750e-03
1.88690e-03
1.88628e-03
1.88563e-03
1.88496e-03
1.88427e-03
1.88356e-03
1.88283e-03
1.88208e-03
1.88133e-03
1.88056e-03
1.87978e-03
1.87899e-03
1.87819e-03
1.87739e-03
1.87658e-03
1.87577e-03
1.87496e-03
1.87415e-03
1.87335e-03
1.87255e-03
1.87175e-03
1.87096e-03
1.87018e-03
1.86942e-03
1.86866e-03
1.86792e-03
1.86719e-03
1.86649e-03
1.86580e-03
1.86513e-03
1.86449e-03
1.86386e-03
1.86327e-03
1.86270e-03
1.86216e-03
1.86165e-03
1.86117e-03
1.86071e-03
1.86027e-03
1.85985e-03
1.85946e-03
1.85908e-03
1.85872e-03
1.85838e-03
1.85805e-03
1.85773e-03
1.85743e-03
1.85713e-03
1.85684e-03
1.85655e-03
1.85628e-03
1.85600e-03
1.85572e-03
1.85545e-03
1.85517e-03
1.85489e-03
1.85461e-03
1.85432e-03
1.85402e-03
1.85371e-03
1.85339e-03
1.85306e-03
1.85271e-03
1.85235e-03
1.85197e-03
1.85157e-03
1.85115e-03
1.85071e-03
1.85024e-03
1.84976e-03
1.84926e-03
1.84873e-03
1.84819e-03
1.84764e-03
1.84706e-03
1.84647e-03
1.84587e-03
1.84525e-03
1.84463e-03
1.84399e-03
1.84334e-03
1.84269e-03
1.84202e-03
1.84135e-03
1.84067e-03
1.83999e-03
1.83931e-03
1.83862e-03
1.83793e-03
1.83725e-03
1.83656e-03
1.83587e-03
1.83519e-03
1.83451e-03
1.83383e-03
1.83316e-03
1.83250e-03
1.83184e-03
1.83119e-03
1.83056e-03
1.82993e-03
1.82931e-03
1.82871e-03
1.82812e-03
1.82753e-03
1.82696e-03
1.82639e-03
1.82584e-03
1.82529e-03
1.82474e-03
1.82421e-03
1.82368e-03
1.82316e-03
1.82264e-03
1.82212e-03
1.82161e-03
1.82110e-03
1.82060e-03
1.82010e-03
1.81960e-03
1.81910e-03
1.81860e-03
1.81810e-03
1.81760e-03
1.81710e-03
1.81660e-03
1.81610e-03
1.81559e-03
1.81508e-03
1.81457e-03
1.81405e-03
1.81353e-03
1.81300e-03
1.81247e-03
1.81193e-03
1.81139e-03
1.81083e-03
1.81028e-03
1.80972e-03
1.80915e-03
1.80858e-03
1.80800e-03
1.80742e-03
1.80684e-03
1.80625e-03
1.80566e-03
1.80507e-03
1.80447e-03
1.80387e-03
1.80327e-03
1.80267e-03
1.80207e-03
1.80146e-03
1.80086e-03
1.80025e-03
1.79964e-03
1.79904e-03
1.79843e-03
1.79782e-03
1.79722e-03
1.79662e-03
1.79602e-03
1.79542e-03
1.79482e-03
1.79422e-03
1.79363e-03
1.79304e-03
1.79245e-03
1.79187e-03
1.79129e-03
1.79071e-03
1.79014e-03
1.78957e-03
1.78900e-03
1.78844e-03
1.78788e-03
1.78732e-03
1.78677e-03
1.78622e-03
1.78567e-03
1.78512e-03
1.78458e-03
1.78404e-03
1.78350e-03
1.78297e-03
1.78244e-03
1.78191e-03
1.78139e-03
1.78086e-03
1.78034e-03
1.77983e-03
1.77931e-03
1.77880e-03
1.77829e-03
1.77778e-03
1.77728e-03
1.77678e-03
1.77628e-03
1.77578e-03
1.77528e-03
1.77479e-03
1.77430e-03
1.77381e-03
1.77333e-03
1.77284e-03
1.77236e-03
1.77188e-03
1.77140e-03
1.77092e-03
1.77045e-03
1.76997e-03
1.76950e-03
1.76902e-03
1.76855e-03
1.76808e-03
1.76761e-03
1.76714e-03
1.76668e-03
1.76621e-03
1.76574e-03
1.76527e-03
1.76481e-03
1.76434e-03
1.76388e-03
1.76341e-03
1.76294e-03
1.76248e-03
1.76201e-03
1.76154e-03
1.76107e-03
1.76060e-03
1.76013e-03
1.75966e-03
1.75919e-03
1.75872e-03
1.75825e-03
1.75777e-03
1.75730e-03
1.75682e-03
1.75635e-03
1.75587e-03
1.75539e-03
1.75492e-03
1.75444e-03
1.75397e-03
1.75350e-03
1.75302e-03
1.75255e-03
1.75208e-03
1.75161e-03
1.75114e-03
1.75068e-03
1.75021e-03
1.74975e-03
1.74929e-03
1.74883e-03
1.74838e-03
1.74793e-03
1.74748e-03
1.74703e-03
1.74659e-03
1.74614e-03
1.74571e-03
1.74528e-03
1.74485e-03
1.74442e-03
1.74400e-03
1.74358e-03
1.74317e-03
1.74276e-03
1.74236e-03
1.74195e-03
1.74155e-03
1.74116e-03
1.74076e-03
1.74037e-03
1.73998e-03
1.73959e-03
1.73920e-03
1.73882e-03
1.73843e-03
1.73804e-03
1.73765e-03
1.73727e-03
1.73688e-03
1.73649e-03
1.73610e-03
1.73570e-03
1.73531e-03
1.73491e-03
1.73451e-03
1.73410e-03
1.73370e-03
1.73329e-03
1.73287e-03
1.73245e-03
1.73203e-03
1.73160e-03
1.73117e-03
1.73073e-03
1.73028e-03
1.72983e-03
1.72937e-03
1.72891e-03
1.72844e-03
1.72797e-03
1.72749e-03
1.72701e-03
1.72652e-03
1.72603e-03
1.72553e-03
1.72503e-03
1.72453e-03
1.72402e-03
1.72352e-03
1.72300e-03
1.72249e-03
1.72197e-03
1.72145e-03
1.72093e-03
1.72041e-03
1.71988e-03
1.71936e-03
1.71883e-03
1.71830e-03
1.71778e-03
1.71725e-03
1.71672e-03
1.71619e-03
1.71566e-03
1.71514e-03
1.71461e-03
1.71409e-03
1.71356e-03
1.71304e-03
1.71252e-03
1.71200e-03
1.71148e-03
1.71096e-03
1.71044e-03
1.70992e-03
1.70940e-03
1.70888e-03
1.70836e-03
1.70784e-03
1.70732e-03
1.70679e-03
1.70627e-03
1.70574e-03
1.70520e-03
1.70467e-03
1.70413e-03
1.70359e-03
1.70305e-03
1.70250e-03
1.70195e-03
1.70139e-03
1.70083e-03
1.70026e-03
1.69969e-03
1.69911e-03
1.69853e-03
1.69794e-03
1.69734e-03
1.69674e-03
1.69613e-03
1.69552e-03
1.69489e-03
1.69426e-03
1.69362e-03
1.69298e-03
1.69234e-03
1.69169e-03
1.69104e-03
1.69038e-03
1.68973e-03
1.68907e-03
1.68842e-03
1.68777e-03
1.68712e-03
1.68648e-03
1.68584e-03
1.68520e-03
1.68458e-03
1.68396e-03
1.68334e-03
1.68274e-03
1.68215e-03
1.68157e-03
1.68100e-03
1.68044e-03
1.67989e-03
1.67937e-03
1.67885e-03
1.67835e-03
1.67787e-03
1.67741e-03
1.67697e-03
1.67655e-03
1.67614e-03
1.67576e-03
1.67540e-03
1.67506e-03
1.67475e-03
1.67444e-03
1.67416e-03
1.67389e-03
1.67363e-03
1.67339e-03
1.67316e-03
1.67294e-03
1.67272e-03
1.67251e-03
1.67231e-03
1.67212e-03
1.67192e-03
1.67173e-03
1.67154e-03
1.67134e-03
1.67115e-03
1.67095e-03
1.67075e-03
1.67054e-03
1.67032e-03
1.67009e-03
1.66985e-03
1.66960e-03
1.66934e-03
1.66906e-03
1.66877e-03
1.66846e-03
1.66813e-03
1.66778e-03
1.66741e-03
1.66702e-03
1.66661e-03
1.66617e-03
1.66572e-03
1.66524e-03
1.66475e-03
1.66425e-03
1.66373e-03
1.66319e-03
1.66264e-03
1.66208e-03
1.66151e-03
1.66092e-03
1.66033e-03
1.65973e-03
1.65913e-03
1.65851e-03
1.65790e-03
1.65727e-03
1.65665e-03
1.65602e-03
1.65540e-03
1.65477e-03
1.65414e-03
1.65352e-03
1.65290e-03
1.65229e-03
1.65168e-03
1.65107e-03
1.65048e-03
1.64989e-03
1.64932e-03
1.64875e-03
1.64820e-03
1.64765e-03
1.64712e-03
1.64660e-03
1.64609e-03
1.64559e-03
1.64510e-03
1.64462e-03
1.64414e-03
1.64368e-03
1.64322e-03
1.64277e-03
1.64232e-03
1.64188e-03
1.64145e-03
1.64102e-03
1.64059e-03
1.64017e-03
1.63975e-03
1.63933e-03
1.63892e-03
1.63850e-03
1.63809e-03
1.63768e-03
1.63727e-03
1.63686e-03
1.63645e-03
1.63604e-03
1.63562e-03
1.63520e-03
1.63478e-03
1.63436e-03
1.63393e-03
1.63350e-03
1.63307e-03
1.63262e-03
1.63218e-03
1.63173e-03
1.63128e-03
1.63082e-03
1.63036e-03
1.62989e-03
1.62942e-03
1.62895e-03
1.62848e-03
1.62800e-03
1.62752e-03
1.62704e-03
1.62655e-03
1.62606e-03
1.62558e-03
1.62508e-03
1.62459e-03
1.62410e-03
1.62360e-03
1.62310e-03
1.62261e-03
1.62211e-03
1.62161e-03
1.62111e-03
1.62061e-03
1.62011e-03
1.61961e-03
1.61910e-03
1.61860e-03
1.61810e-03
1.61760e-03
1.61711e-03
1.61661e-03
1.61611e-03
1.61562e-03
1.61512e-03
1.61463e-03
1.61414e-03
1.61365e-03
1.61317e-03
1.61268e-03
1.61220e-03
1.61172e-03
1.61125e-03
1.61077e-03
1.61030e-03
1.60983e-03
1.60937e-03
1.60891e-03
1.60846e-03
1.60800e-03
1.60756e-03
1.60711e-03
1.60667e-03
1.60624e-03
1.60581e-03
1.60538e-03
1.60496e-03
1.60455e-03
1.60414e-03
1.60374e-03
1.60334e-03
1.60295e-03
1.60256e-03
1.60218e-03
1.60181e-03
1.60144e-03
1.60108e-03
1.60073e-03
1.60039e-03
1.60005e-03
1.59972e-03
1.59939e-03
1.59908e-03
1.59877e-03
1.59847e-03
1.59818e-03
1.59790e-03
1.59762e-03
1.59736e-03
1.59710e-03
